0100101110000100101001000101010
001010110011100111001001001
0010101101001110100111010011101001001001
00101011010010100101100
0001001011010001001000101100
000100101010
0001001011010001001000101100
000100101010
000100101010
0001001011010001110100011010
000100100001001011010001001000101100
00010010000100101010
000100100001001011010001001000101100
00010010000100101010
00010010000100101010
000100100001001011010001110100011010
0001001011010001001000101100
000100101010
000100101010
000100100001001000010010000100010010
00010010110111011101110100011010
010101
0000
0001001000010010
0001001000010010
00010010110100011101000111010001
0001001011010001110111011010
000100101101000111010001
000111
0111
1111110
0001001000010010
0001001000010010
00010010000100100010
000100100010000100100001
0001001001000
000100101100
0001001011010001001000101100
0
0
00
0
0000
10
0001001011010001001000101100110000100001
000100100001
000100100
000100100
000100100
000100100
0
1111
1
1
0001001011010001001000101100
0001001011010001001000101100
0001001011010001001000101100
000
0101
001
00
111
01
0
0
01
1
0
0
0
0
0
0
0
111
0
0
0
0
0
0
0
010101
0
100
10
10
11
0
0
0
10101010
101010
010
10
0
0
0
000100101010
000100101010
000100101010
000100101010
000100101010
000100101010
000100101010
000100101010
000100101010
0001001011010001001000101100
00001011
0001001011010001001000101100
00010010110100010010001011001010
0001001011010001001000101100
0
0
0
0
0
0
0
01110111
001010000010
00011000
00111
11100
000100
1000
0110
0001000000110011001010101000
0001000000110011001010100110
0001000000110011001010100001000000110011001010101110
0001000000110011001010101110
0001000000110011001010100011001000110000
00010010000001111111111
0
0
1
100011111110000000111111011000111011001000011110001111110000000011
0000100101
10100101001010001010
0010101
11010001001000101100
1010
110010100101100
110010100101100
110010100101100
0011100
0001001011010001001000101100
0001001011010001001000101100
0001001011010001001000101100110000100001
1100001000011101000100100010110000010010
110000100001101000010010
110000100001110000100001110100010010001011000001001000010010
0001001011010001001000101100
001
1111
00000
00000000011
01001010100000001111110001111100000111111111110000001111111111111111001111100011100010111010000111000110000111111111100000000000000000011000000000000000000000000000